1|0|2|7|7|u|0|_|a|2|7|7
xom
1|0|3|7|4|u|0|_|a|3|7|4
1|0|4|0|6|u|0|_|a|4|0|6
1|0|6|2|0|u|0|_|a|6|2|0
1|0|2|2|9|u|0|_|a|2|2|9
1|0|3|2|0|u|0|_|a|3|2|0
1|0|1|9|6|u|0|_|a|1|9|6
1|0|3|5|6|u|0|_|a|3|5|6
1|0|2|9|8|u|0|_|a|2|9|8
1|0|4|2|4|u|0|_|a|4|2|4
ٚٚ
1|0|2|6|0|u|0|_|a|2|6|0
1|0|3|7|5|u|0|_|a|3|7|5
1|1|4|1|8|u|0|_|a|1|4|1|8
1|0|5|9|7|u|0|_|a|5|9|7
1|0|1|6|8|u|0|_|a|1|6|8
1|0|5|0|1|u|0|_|a|5|0|1
1|0|4|8|1|u|0|_|a|4|8|1
1|0|4|7|6|u|0|_|a|4|7|6
1|1|1|6|6|u|0|_|a|1|1|6|6
1|0|3|8|3|u|0|_|a|3|8|3
1|0|2|7|0|u|0|_|a|2|7|0
1|0|2|5|7|u|0|_|a|2|5|7
1|0|5|0|1|u|0|_|a|5|0|1
1|0|5|1|6|u|0|_|a|5|1|6
1|0|3|6|6|u|0|_|a|3|6|6
1|0|3|5|7|u|0|_|a|3|5|7
1|0|1|8|8|u|0|_|a|1|8|8
